Date,Views
20160524,19
20160525,22
20160526,22
20160527,21
20160528,27
20160529,20
20160530,26
20160531,19
20160601,29
20160602,14
20160603,21
20160604,15
20160605,12
20160606,24
20160607,24
20160608,19
20160609,19
20160610,25
20160611,19
20160612,27
20160613,24
20160614,21
20160615,28
20160616,19
20160617,22
20160618,19
20160619,16
20160620,18
20160621,23
20160622,16
20160623,21
20160624,46
20160625,28
20160626,23
20160627,18
20160628,34
20160629,38
20160630,29
20160701,19
20160702,18
20160703,20
20160704,22
20160705,26
20160706,29
20160707,28
20160708,16
20160709,19
20160710,17
20160711,27
20160712,29
20160713,28
20160714,23
20160715,16
20160716,15
20160717,20
20160718,25
20160719,22
20160720,17
20160721,15
20160722,18
20160723,23
