Date,Views
20160524,24
20160525,31
20160526,35
20160527,34
20160528,20
20160529,37
20160530,39
20160531,37
20160601,40
20160602,16
20160603,25
20160604,22
20160605,18
20160606,32
20160607,38
20160608,27
20160609,32
20160610,32
20160611,27
20160612,23
20160613,32
20160614,26
20160615,26
20160616,25
20160617,24
20160618,32
20160619,20
20160620,26
20160621,41
20160622,39
20160623,37
20160624,78
20160625,48
20160626,51
20160627,43
20160628,60
20160629,60
20160630,45
20160701,40
20160702,17
20160703,27
20160704,31
20160705,49
20160706,29
20160707,31
20160708,39
20160709,23
20160710,35
20160711,24
20160712,30
20160713,30
20160714,22
20160715,35
20160716,30
20160717,38
20160718,39
20160719,38
20160720,19
20160721,41
20160722,31
20160723,25
