Date,Views
20210310,58
20210311,77
20210312,50
20210313,69
20210314,67
20210315,93
20210316,55
20210317,45
20210318,76
20210319,74
20210320,59
20210321,76
20210322,78
20210323,74
20210324,88
20210325,61
20210326,76
20210327,73
20210328,94
20210329,105
20210330,69
20210331,86
20210401,63
20210402,94
20210403,50
20210404,54
20210405,52
20210406,63
20210407,78
20210408,59
20210409,180
20210410,163
20210411,118
20210412,108
20210413,81
20210414,94
20210415,95
20210416,140
20210417,118
20210418,97
20210419,123
20210420,104
20210421,60
20210422,87
20210423,73
20210424,70
20210425,60
20210426,71
20210427,89
20210428,77
20210429,79
20210430,79
20210501,78
20210502,81
20210503,74
20210504,76
20210505,67
20210506,92
20210507,97
20210508,57
20210509,79
