Date,Views
20210321,33
20210322,25
20210323,24
20210324,30
20210325,35
20210326,28
20210327,26
20210328,21
20210329,29
20210330,26
20210331,29
20210401,46
20210402,34
20210403,34
20210404,35
20210405,39
20210406,44
20210407,49
20210408,33
20210409,34
20210410,37
20210411,27
20210412,32
20210413,46
20210414,38
20210415,85
20210416,40
20210417,43
20210418,40
20210419,53
20210420,79
20210421,68
20210422,50
20210423,49
20210424,50
20210425,22
20210426,45
20210427,37
20210428,34
20210429,38
20210430,14
20210501,15
20210502,43
20210503,25
20210504,33
20210505,35
20210506,42
20210507,29
20210508,18
20210509,19
20210510,39
20210511,23
20210512,33
20210513,31
20210514,48
20210515,25
20210516,23
20210517,29
20210518,35
20210519,41
20210520,39
