Date,Views
20190807,4366
20190808,3594
20190809,3429
20190810,3262
20190811,2913
20190812,3128
20190813,3392
20190814,3102
20190815,2703
20190816,3011
20190817,2664
20190818,2813
20190819,3756
20190820,3818
20190821,3970
20190822,3781
20190823,3599
20190824,3397
20190825,3739
20190826,4023
20190827,4213
20190828,4224
20190829,4880
20190830,3578
20190831,3328
20190901,5364
20190902,4507
20190903,4344
20190904,3932
20190905,3730
20190906,3684
20190907,2882
20190908,3105
20190909,3691
20190910,4095
20190911,4469
20190912,3916
20190913,3968
20190914,3437
20190915,4066
20190916,4144
20190917,4305
20190918,4468
20190919,4517
20190920,4066
20190921,3347
20190922,4282
20190923,4157
20190924,4582
20190925,4375
20190926,4386
20190927,4066
20190928,3803
20190929,3595
20190930,4107
20191001,4044
20191002,3846
20191003,4389
20191004,5049
20191005,3152
20191006,3033
