Date,Views
20161010,21
20161011,17
20161012,17
20161013,7
20161014,18
20161015,24
20161016,23
20161017,17
20161018,11
20161019,21
20161020,19
20161021,13
20161022,17
20161023,12
20161024,9
20161025,22
20161026,11
20161027,11
20161028,13
20161029,22
20161030,14
20161031,14
20161101,26
20161102,8
20161103,35
20161104,9
20161105,15
20161106,13
20161107,15
20161108,12
20161109,18
20161110,18
20161111,12
20161112,15
20161113,18
20161114,19
20161115,16
20161116,20
20161117,17
20161118,15
20161119,18
20161120,14
20161121,17
20161122,18
20161123,11
20161124,8
20161125,16
20161126,18
20161127,11
20161128,10
20161129,20
20161130,24
20161201,13
20161202,10
20161203,13
20161204,12
20161205,23
20161206,17
20161207,15
20161208,18
20161209,21
