Date,Views
20180422,3
20180423,14
20180424,14
20180425,4
20180426,9
20180427,15
20180428,14
20180429,22
20180430,3
20180501,11
20180502,13
20180503,15
20180504,15
20180505,13
20180506,19
20180507,11
20180508,18
20180509,16
20180510,9
20180511,7
20180512,5
20180513,10
20180514,11
20180515,11
20180516,11
20180517,8
20180518,13
20180519,16
20180520,17
20180521,16
20180522,19
20180523,36
20180524,7
20180525,15
20180526,14
20180527,11
20180528,16
20180529,19
20180530,15
20180531,11
20180601,20
20180602,12
20180603,12
20180604,13
20180605,18
20180606,8
20180607,17
20180608,18
20180609,18
20180610,18
20180611,17
20180612,12
20180613,11
20180614,33
20180615,15
20180616,13
20180617,35
20180618,19
20180619,24
20180620,21
20180621,14
