Date,Views
20191227,29
20191228,28
20191229,10
20191230,15
20191231,22
20200101,18
20200102,17
20200103,22
20200104,15
20200105,15
20200106,21
20200107,21
20200108,22
20200109,14
20200110,23
20200111,21
20200112,17
20200113,24
20200114,18
20200115,25
20200116,24
20200117,13
20200118,16
20200119,19
20200120,18
20200121,24
20200122,9
20200123,29
20200124,20
20200125,18
20200126,30
20200127,67
20200128,54
20200129,40
20200130,42
20200131,42
20200201,19
20200202,28
20200203,17
20200204,21
20200205,27
20200206,47
20200207,32
20200208,25
20200209,13
20200210,28
20200211,17
20200212,16
20200213,22
20200214,29
20200215,20
20200216,28
20200217,21
20200218,30
20200219,43
20200220,27
20200221,19
20200222,24
20200223,8
20200224,21
20200225,31
