Date,Views
20180105,1069
20180106,1400
20180107,1278
20180108,941
20180109,963
20180110,966
20180111,1029
20180112,1209
20180113,1338
20180114,1291
20180115,1010
20180116,1225
20180117,927
20180118,992
20180119,1208
20180120,1247
20180121,1260
20180122,950
20180123,970
20180124,968
20180125,1018
20180126,1152
20180127,1256
20180128,1264
20180129,944
20180130,893
20180131,1020
20180201,1078
20180202,1229
20180203,1446
20180204,1627
20180205,4998
20180206,1255
20180207,1203
20180208,1243
20180209,1309
20180210,1450
20180211,1377
20180212,1116
20180213,1023
20180214,1076
20180215,1065
20180216,1186
20180217,1383
20180218,1491
20180219,1172
20180220,1031
20180221,1040
20180222,1074
20180223,1397
20180224,1384
20180225,1382
20180226,1096
20180227,923
20180228,1052
20180301,1101
20180302,1178
20180303,1478
20180304,1383
20180305,1007
20180306,1117
