Date,Views
20210518,19
20210519,11
20210520,20
20210521,18
20210522,10
20210523,16
20210524,33
20210525,11
20210526,27
20210527,17
20210528,10
20210529,15
20210530,23
20210531,18
20210601,19
20210602,18
20210603,18
20210604,24
20210605,5
20210606,14
20210607,8
20210608,16
20210609,14
20210610,8
20210611,21
20210612,11
20210613,14
20210614,55
20210615,12
20210616,12
20210617,16
20210618,28
20210619,15
20210620,11
20210621,13
20210622,15
20210623,10
20210624,11
20210625,20
20210626,13
20210627,27
20210628,11
20210629,10
20210630,13
20210701,19
20210702,9
20210703,19
20210704,10
20210705,9
20210706,9
20210707,36
20210708,20
20210709,11
20210710,17
20210711,12
20210712,13
20210713,12
20210714,13
20210715,13
20210716,11
20210717,25
