Date,Views
20210518,55
20210519,34
20210520,29
20210521,52
20210522,42
20210523,21
20210524,26
20210525,33
20210526,59
20210527,39
20210528,41
20210529,32
20210530,22
20210531,23
20210601,29
20210602,30
20210603,26
20210604,24
20210605,24
20210606,30
20210607,48
20210608,19
20210609,35
20210610,21
20210611,30
20210612,35
20210613,23
20210614,25
20210615,31
20210616,25
20210617,34
20210618,29
20210619,22
20210620,35
20210621,27
20210622,36
20210623,54
20210624,47
20210625,50
20210626,35
20210627,23
20210628,25
20210629,26
20210630,36
20210701,24
20210702,29
20210703,28
20210704,40
20210705,47
20210706,35
20210707,34
20210708,34
20210709,106
20210710,30
20210711,37
20210712,29
20210713,21
20210714,23
20210715,28
20210716,36
20210717,24
